function mesh3(varargin)
    p = inputParser;
    R = [4.039215686274509887e-01, 0.000000000000000000e+00, 5.098039215686273745e-02; 4.115494040753556737e-01, 1.845444059976934781e-03, 5.196462898885043091e-02; 4.191772395232603032e-01, 3.690888119953862623e-03, 5.294886582083813131e-02; 4.268050749711649328e-01, 5.536332179930797404e-03, 5.393310265282583171e-02; 4.344329104190696178e-01, 7.381776239907725246e-03, 5.491733948481352517e-02; 4.420607458669742473e-01, 9.227220299884660026e-03, 5.590157631680121864e-02; 4.496885813148788769e-01, 1.107266435986159481e-02, 5.688581314878891904e-02; 4.573164167627835619e-01, 1.291810841983852265e-02, 5.787004998077661944e-02; 4.649442522106882469e-01, 1.476355247981545743e-02, 5.885428681276431290e-02; 4.725720876585928765e-01, 1.660899653979238527e-02, 5.983852364475200636e-02; 4.801999231064975060e-01, 1.845444059976932005e-02, 6.082276047673970676e-02; 4.878277585544024131e-01, 2.029988465974630341e-02, 6.180699730872743491e-02; 4.954555940023068206e-01, 2.214532871972318268e-02, 6.279123414071510756e-02; 5.030834294502114501e-01, 2.399077277970011746e-02, 6.377547097270279408e-02; 5.107112648981161351e-01, 2.583621683967704530e-02, 6.475970780469049448e-02; 5.183391003460208202e-01, 2.768166089965398008e-02, 6.574394463667818100e-02; 5.259669357939253942e-01, 2.952710495963091139e-02, 6.672818146866588140e-02; 5.335947712418300792e-01, 3.137254901960784270e-02, 6.771241830065358180e-02; 5.412226066897347643e-01, 3.321799307958477054e-02, 6.869665513264128220e-02; 5.488504421376394493e-01, 3.506343713956170532e-02, 6.968089196462898260e-02; 5.564782775855440233e-01, 3.690888119953864011e-02, 7.066512879661666913e-02; 5.641061130334487084e-01, 3.875432525951556795e-02, 7.164936562860436953e-02; 5.717339484813533934e-01, 4.059976931949250273e-02, 7.263360246059206993e-02; 5.793617839292579674e-01, 4.244521337946943751e-02, 7.361783929257975645e-02; 5.869896193771626525e-01, 4.429065743944636535e-02, 7.460207612456745685e-02; 5.946174548250673375e-01, 4.613610149942329319e-02, 7.558631295655515725e-02; 6.022452902729719115e-01, 4.798154555940022797e-02, 7.657054978854285765e-02; 6.098731257208768186e-01, 4.982698961937721827e-02, 7.755478662053058581e-02; 6.175009611687812816e-01, 5.167243367935409060e-02, 7.853902345251824457e-02; 6.251287966166859666e-01, 5.351787773933102538e-02, 7.952326028450594497e-02; 6.327566320645905407e-01, 5.536332179930796016e-02, 8.050749711649364537e-02; 6.403844675124952257e-01, 5.720876585928488800e-02, 8.149173394848133190e-02; 6.476432141484045335e-01, 5.896193771626297153e-02, 8.247597078046903230e-02; 6.523183391003460896e-01, 6.006920415224913101e-02, 8.346020761245673270e-02; 6.569934640522876457e-01, 6.117647058823529049e-02, 8.444444444444443310e-02; 6.616685890042292018e-01, 6.228373702422144997e-02, 8.542868127643213350e-02; 6.663437139561707578e-01, 6.339100346020760945e-02, 8.641291810841982002e-02; 6.710188389081123139e-01, 6.449826989619376894e-02, 8.739715494040752042e-02; 6.756939638600538700e-01, 6.560553633217992842e-02, 8.838139177239522082e-02; 6.803690888119954261e-01, 6.671280276816608790e-02, 8.936562860438292122e-02; 6.850442137639369822e-01, 6.782006920415224738e-02, 9.034986543637060774e-02; 6.897193387158785383e-01, 6.892733564013840686e-02, 9.133410226835830814e-02; 6.943944636678200943e-01, 7.003460207612456634e-02, 9.231833910034600854e-02; 6.990695886197617614e-01, 7.114186851211075358e-02, 9.330257593233373670e-02; 7.037447135717032065e-01, 7.224913494809688530e-02, 9.428681276432140934e-02; 7.084198385236447626e-01, 7.335640138408304478e-02, 9.527104959630910974e-02; 7.130949634755863187e-01, 7.446366782006920426e-02, 9.625528642829679626e-02; 7.177700884275278748e-01, 7.557093425605536374e-02, 9.723952326028449666e-02; 7.224452133794694308e-01, 7.667820069204152322e-02, 9.822376009227219706e-02; 7.271203383314109869e-01, 7.778546712802768270e-02, 9.920799692425989746e-02; 7.317954632833525430e-01, 7.889273356401384218e-02, 1.001922337562475840e-01; 7.364705882352940991e-01, 8.000000000000000167e-02, 1.011764705882352844e-01; 7.411457131872356552e-01, 8.110726643598616115e-02, 1.021607074202229848e-01; 7.458208381391772113e-01, 8.221453287197232063e-02, 1.031449442522106852e-01; 7.504959630911187674e-01, 8.332179930795848011e-02, 1.041291810841983856e-01; 7.551710880430603234e-01, 8.442906574394463959e-02, 1.051134179161860721e-01; 7.598462129950018795e-01, 8.553633217993079907e-02, 1.060976547481737725e-01; 7.645213379469434356e-01, 8.664359861591695855e-02, 1.070818915801614729e-01; 7.691964628988849917e-01, 8.775086505190311803e-02, 1.080661284121491733e-01; 7.738715878508266588e-01, 8.885813148788930527e-02, 1.090503652441368876e-01; 7.785467128027681039e-01, 8.996539792387543699e-02, 1.100346020761245602e-01; 7.832218377547096599e-01, 9.107266435986159647e-02, 1.110188389081122606e-01; 7.878969627066512160e-01, 9.217993079584775595e-02, 1.120030757400999610e-01; 7.925720876585927721e-01, 9.328719723183391543e-02, 1.129873125720876614e-01; 7.971856978085350987e-01, 9.519415609381007282e-02, 1.141868512110726652e-01; 8.016147635524797366e-01, 9.950019223375625166e-02, 1.160322952710495931e-01; 8.060438292964243745e-01, 1.038062283737024305e-01, 1.178777393310265209e-01; 8.104728950403690124e-01, 1.081122645136485955e-01, 1.197231833910034626e-01; 8.149019607843136503e-01, 1.124183006535947743e-01, 1.215686274509803905e-01; 8.193310265282582883e-01, 1.167243367935409393e-01, 1.234140715109573183e-01; 8.237600922722029262e-01, 1.210303729334871181e-01, 1.252595155709342600e-01; 8.281891580161475641e-01, 1.253364090734332970e-01, 1.271049596309111740e-01; 8.326182237600922020e-01, 1.296424452133794758e-01, 1.289504036908881157e-01; 8.370472895040368400e-01, 1.339484813533256546e-01, 1.307958477508650574e-01; 8.414763552479814779e-01, 1.382545174932718335e-01, 1.326412918108419714e-01; 8.459054209919262268e-01, 1.425605536332181233e-01, 1.344867358708189686e-01; 8.503344867358707537e-01, 1.468665897731641634e-01, 1.363321799307958271e-01; 8.547635524798153916e-01, 1.511726259131103423e-01, 1.381776239907727688e-01; 8.591926182237600296e-01, 1.554786620530565211e-01, 1.400230680507497105e-01; 8.636216839677046675e-01, 1.597846981930026722e-01, 1.418685121107266522e-01; 8.680507497116493054e-01, 1.640907343329488788e-01, 1.437139561707035662e-01; 8.724798154555939433e-01, 1.683967704728950299e-01, 1.455594002306805079e-01; 8.769088811995385813e-01, 1.727028066128412087e-01, 1.474048442906574496e-01; 8.813379469434832192e-01, 1.770088427527873876e-01, 1.492502883506343636e-01; 8.857670126874278571e-01, 1.813148788927335664e-01, 1.510957324106113053e-01; 8.901960784313724950e-01, 1.856209150326797452e-01, 1.529411764705882470e-01; 8.946251441753171330e-01, 1.899269511726259241e-01, 1.547866205305651610e-01; 8.990542099192617709e-01, 1.942329873125721029e-01, 1.566320645905421027e-01; 9.034832756632064088e-01, 1.985390234525182818e-01, 1.584775086505190167e-01; 9.079123414071510467e-01, 2.028450595924644329e-01, 1.603229527104959584e-01; 9.123414071510956846e-01, 2.071510957324106117e-01, 1.621683967704729001e-01; 9.167704728950405446e-01, 2.114571318723569293e-01, 1.640138408304498696e-01; 9.211995386389849605e-01, 2.157631680123029694e-01, 1.658592848904267558e-01; 9.256286043829295984e-01, 2.200692041522491482e-01, 1.677047289504036975e-01; 9.300576701268742363e-01, 2.243752402921953271e-01, 1.695501730103806115e-01; 9.344867358708188743e-01, 2.286812764321415059e-01, 1.713956170703575532e-01; 9.378085351787773805e-01, 2.335409457900807506e-01, 1.739331026528258273e-01; 9.392848904267588894e-01, 2.393233371780084662e-01, 1.776239907727796830e-01; 9.407612456747405094e-01, 2.451057285659361817e-01, 1.813148788927335664e-01; 9.422376009227220184e-01, 2.508881199538638973e-01, 1.850057670126874221e-01; 9.437139561707035273e-01, 2.566705113417916406e-01, 1.886966551326412778e-01; 9.451903114186851473e-01, 2.624529027297193284e-01, 